tag_name,tag,opacity,fill_h_normalized,fill_s_normalized,fill_l_normalized,fill_color_salience,stroke_h_normalized,stroke_s_normalized,stroke_l_normalized,stroke_color_salience,stroke_width,layer_salience,bbox_min_left_norm,bbox_max_right_norm,bbox_min_top_norm,bbox_max_bottom_norm,bbox_center_x_norm,bbox_center_y_norm,bbox_width_norm,bbox_height_norm,bbox_fill_area,bbox_stroke_area
svg/g/g_13/path_240,0.90024,1.0,0.0,1.0,0.54,0.976,0.0,0.0,1.0,0.4,0.7071067811865476,0.375,0.1337620578778136,0.4932475884244372,-0.6191121653676719,-0.07760081328363258,0.3135048231511254,-0.3483564893256522,0.17974276527331182,0.27075567604201967,0.0,0.1224076186115711
svg/g/g_13/path_239,0.900239,1.0,0.0,1.0,0.54,0.976,0.0,0.0,1.0,0.4,0.7071067811865476,0.3735632183908046,0.11286173633440522,0.4848874598070738,-0.44764486614706867,-0.06065740426973899,0.29887459807073935,-0.2541511352084038,0.1860128617363344,0.19349373093866484,0.0,0.12094765922960625
svg/g/g_13/path_238,0.900238,1.0,0.0,0.9099999999999996,0.7,0.8529999999999999,0.0,0.0,1.0,0.4,0.7071067811865476,0.37212643678160917,0.1858520900321544,0.4967845659163987,-0.6699423924093527,-0.10674347678752964,0.34131832797427647,-0.38834293459844127,0.1554662379421222,0.28159945781091156,0.0,0.12022049707469167
svg/g/g_13/path_237,0.9002370000000001,1.0,0.0,0.0,0.92,0.448,0.0,0.0,0.98,0.41200000000000003,0.7071067811865476,0.3706896551724138,0.16302250803858517,0.49646302250803853,0.09386648593697047,0.6468993561504576,0.3297427652733119,0.370382921043714,0.1667202572347267,0.27651643510674345,0.0,0.12113833438884354
svg/g/g_13/path_236,0.900236,1.0,0.0,1.0,0.85,0.7899999999999999,0.0,0.0,0.91,0.454,0.7071067811865476,0.3692528735632184,0.14340836012861763,0.49099678456591656,0.0830227041680788,0.5533717383937649,0.3172025723472672,0.318197221280922,0.17379421221864946,0.2351745171128431,0.0,0.12051834347540323
svg/g/g_13/path_235,0.900235,1.0,0.0,1.0,0.54,0.976,0.0,0.0,1.0,0.4,0.7071067811865476,0.367816091954023,0.1337620578778136,0.4877813504823149,0.07692307692307707,0.48695357505930204,0.3107717041800642,0.28193832599118956,0.17700964630225074,0.2050152490681125,0.0,0.11994767266160772
svg/g/g_13/path_234,0.900234,1.0,0.0,0.9099999999999996,0.7,0.8529999999999999,0.0,0.0,1.0,0.4,0.7071067811865476,0.36637931034482757,0.2681672025723472,0.514790996784566,-0.8556421552016265,-0.1358861402914265,0.39147909967845657,-0.4957641477465264,0.1233118971061093,0.35987800745509996,0.0,0.12101100058595467
svg/g/g_13/path_233,0.9002330000000001,1.0,0.0,1.0,0.85,0.7899999999999999,0.0,0.0,0.91,0.454,0.7071067811865476,0.36494252873563215,0.3135048231511254,0.5234726688102892,-0.9125720094883089,-0.14740765842087428,0.41848874598070734,-0.5299898339545915,0.10498392282958192,0.3825821755337174,0.0,0.12111486724884678
svg/g/g_13/path_232,0.900232,1.0,0.0,1.0,0.85,0.7899999999999999,0.0,0.0,0.91,0.454,0.7071067811865476,0.3635057471264368,0.364951768488746,0.5363344051446948,-0.9681463910538799,-0.15689596746865453,0.45064308681672016,-0.5625211792612672,0.08569131832797439,0.4056252117926127,0.0,0.1218569956666603
svg/g/g_13/path_231,0.900231,1.0,0.0,1.0,0.54,0.976,0.0,0.0,1.0,0.4,0.7071067811865476,0.3620689655172414,0.19678456591639903,0.5006430868167204,0.10877668586919695,0.7011182649949168,0.3487138263665598,0.4049474754320569,0.15192926045016078,0.29617078956285997,0.0,0.12044858148270957
svg/g/g_13/path_230,0.90023,1.0,0.0,1.0,0.54,0.976,0.0,0.0,1.0,0.4,0.7071067811865476,0.36063218390804597,0.10836012861736312,0.4832797427652732,0.05523551338529316,0.370382921043714,0.2958199356913183,0.21280921721450358,0.18745980707395501,0.15757370382921043,0.0,0.12009409089159798
svg/g/g_13/path_229,0.9002290000000001,1.0,0.0,1.0,0.54,0.976,0.0,0.0,1.0,0.4,0.7071067811865476,0.3591954022988506,0.11704180064308674,0.48585209003215407,0.0640460860725179,0.447644866147069,0.30144694533762056,0.25584547610979325,0.18440514469453362,0.19179939003727556,0.0,0.12059849323761614
svg/g/g_13/path_228,0.900228,1.0,0.0,0.9099999999999996,0.7,0.8529999999999999,0.0,0.0,1.0,0.4,0.7071067811865476,0.35775862068965514,0.6308681672025724,1.0,-0.39681463910538783,-0.061335140630294695,0.8154340836012862,-0.22907488986784127,0.18456591639871375,0.1677397492375466,0.0,0.11991766995799617
svg/g/g_13/path_227,0.900227,1.0,0.0,0.0,0.92,0.448,0.0,0.0,0.98,0.41200000000000003,0.7071067811865476,0.3563218390804598,0.6067524115755628,0.8662379421221864,-0.7932904100304982,-0.12978651304642497,0.7364951768488744,-0.46153846153846156,0.1297427652733118,0.3317519484920366,0.0,0.12010282296923269
svg/g/g_13/path_226,0.900226,1.0,0.0,1.0,0.54,0.976,0.0,0.0,1.0,0.4,0.7071067811865476,0.35488505747126436,0.5578778135048231,0.587781350482315,-0.9993222636394441,-0.171806167400881,0.572829581993569,-0.5855642155201626,0.01495176848874591,0.4137580481192816,0.0,0.12016256449808789
svg/g/g_13/path_225,0.9002249999999999,1.0,0.0,1.0,0.85,0.7899999999999999,0.0,0.0,0.91,0.454,0.7071067811865476,0.35344827586206895,0.506430868167203,0.6257234726688107,0.16435106743476785,1.0,0.566077170418007,0.582175533717384,0.0596463022508039,0.41782446628261605,0.0,0.12328648120350777
svg/g/g_13/path_224,0.900224,1.0,0.0,0.9099999999999996,0.7,0.8529999999999999,0.0,0.0,1.0,0.4,0.7071067811865476,0.3520114942528736,0.20610932475884253,0.5070739549839226,-0.790579464588275,-0.1155540494747542,0.35659163987138254,-0.45306675703151467,0.15048231511254007,0.3375127075567604,0.0,0.12200181193344263
svg/g/g_13/path_223,0.900223,1.0,0.0,0.9099999999999996,0.7,0.8529999999999999,0.0,0.0,1.0,0.4,0.7071067811865476,0.3505747126436782,0.2202572347266881,0.507717041800643,0.1175872585564217,0.7838021009827179,0.3639871382636656,0.4506946797695696,0.14372990353697745,0.33310742121314807,0.0,0.1212645772909283
svg/g/g_13/path_222,0.900222,1.0,0.0,1.0,0.54,0.976,0.0,0.0,1.0,0.4,0.7071067811865476,0.34913793103448276,0.6028938906752411,0.8440514469453376,-0.8292104371399526,-0.1365638766519824,0.7234726688102894,-0.48288715689596745,0.12057877813504823,0.34632328024398507,0.0,0.12010898464030663
svg/g/g_13/path_221,0.9002209999999999,1.0,0.0,0.9099999999999996,0.7,0.8529999999999999,0.0,0.0,1.0,0.4,0.7071067811865476,0.34770114942528735,0.4340836012861736,0.5395498392282957,0.16028464927143343,0.975601491019993,0.48681672025723466,0.5679430701457133,0.05273311897106102,0.4076584208742797,0.0,0.12002645718008147
svg/g/g_13/path_220,0.90022,1.0,0.0,1.0,0.85,0.7899999999999999,0.0,0.0,0.91,0.454,0.7071067811865476,0.34626436781609193,0.4559485530546626,0.542122186495177,0.16231785835310075,0.9830565909861064,0.49903536977491975,0.5726872246696035,0.04308681672025716,0.41036936631650284,0.0,0.1198348266255943
svg/g/g_13/path_219,0.900219,1.0,0.0,0.9099999999999996,0.7,0.8529999999999999,0.0,0.0,1.0,0.4,0.7071067811865476,0.3448275862068966,0.4028938906752412,0.5360128617363346,0.15689596746865472,0.9647577092511014,0.4694533762057878,0.560826838359878,0.06655948553054668,0.4039308708912233,0.0,0.12039917673502859
svg/g/g_13/path_218,0.900218,1.0,0.0,1.0,0.85,0.7899999999999999,0.0,0.0,0.91,0.454,0.7071067811865476,0.34339080459770116,0.6250803858520899,0.980385852090032,-0.5398170111826498,-0.07760081328363258,0.802733118971061,-0.3087089122331412,0.17765273311897106,0.2311080989495086,0.0,0.12088615371663147
svg/g/g_13/path_217,0.9002169999999999,1.0,0.0,1.0,0.54,0.976,0.0,0.0,1.0,0.4,0.7071067811865476,0.34195402298850575,0.38102893890675243,0.5308681672025725,0.1541850220264317,0.9444256184344287,0.4559485530546624,0.5493053202304304,0.07491961414791,0.3951202982039985,0.0,0.12007102627528075
svg/g/g_13/path_216,0.900216,1.0,0.0,0.9099999999999996,0.7,0.8529999999999999,0.0,0.0,1.0,0.4,0.7071067811865476,0.34051724137931033,0.6292604501607718,0.9916398713826365,-0.44764486614706867,-0.06879024059640784,0.8104501607717041,-0.25821755337173835,0.18118971061093234,0.1894273127753304,0.0,0.12006052663767608
svg/g/g_13/path_215,0.900215,1.0,0.0,0.0,0.92,0.448,0.0,0.0,0.98,0.41200000000000003,0.7071067811865476,0.3390804597701149,0.47266881028938906,0.547909967845659,0.16299559471365646,0.9932226363944425,0.5102893890675243,0.5781091155540495,0.03762057877813501,0.41511352084039305,0.0,0.12044733274239536
svg/g/g_11/path_214,0.900214,1.0,0.0,1.0,0.54,0.976,0.0,0.0,1.0,0.4,0.7071067811865476,0.36693548387096775,-0.5241157556270096,-0.5035369774919614,-0.9999999999999998,-0.17587258556421542,-0.5138263665594855,-0.5879362927821076,0.010289389067524125,0.4120637072178922,0.0,0.11968765403334973
svg/g/g_11/path_213,0.9002129999999999,1.0,0.0,1.0,0.54,0.976,0.0,0.0,1.0,0.4,0.7071067811865476,0.36549870226177233,-0.5218649517684888,-0.48295819935691314,-0.9979667909183327,-0.174517112843104,-0.502411575562701,-0.5862419518807184,0.019453376205787774,0.4117248390376143,0.0,0.11969949885089506
svg/g/g_11/path_212,0.9002119999999999,1.0,0.0,1.0,0.54,0.976,0.0,0.0,1.0,0.4,0.7071067811865476,0.3640619206525769,-0.5180064308681672,-0.4630225080385852,-0.9952558454761097,-0.174517112843104,-0.49051446945337623,-0.5848864791596069,0.02749196141479099,0.41036936631650284,0.0,0.1196512655893215
svg/g/g_11/path_211,0.9002110000000001,1.0,0.0,1.0,0.54,0.976,0.0,0.0,1.0,0.4,0.7071067811865476,0.36262513904338156,-0.5028938906752412,-0.36752411575562705,-0.9606912910877667,-0.16502880379532356,-0.43520900321543404,-0.5628600474415452,0.06768488745980708,0.39783124364622163,0.0,0.1200627821612322
svg/g/g_11/path_210,0.90021,1.0,0.0,1.0,0.54,0.976,0.0,0.0,1.0,0.4,0.7071067811865476,0.36118835743418615,-0.49807073954983927,-0.34758842443729904,-0.9410369366316502,-0.16164012199254466,-0.4228295819935691,-0.5513385293120974,0.07524115755627012,0.3896984073195528,0.0,0.1197641205970448
svg/g/g_11/path_209,0.9002089999999999,1.0,0.0,1.0,0.54,0.976,0.0,0.0,1.0,0.4,0.7071067811865476,0.35975157582499073,-0.49453376205787786,-0.32218649517684883,-0.9247712639783123,-0.15689596746865453,-0.40836012861736337,-0.5408336157234834,0.0861736334405145,0.38393764825482884,0.0,0.12000142826830251
svg/g/g_11/path_208,0.9002079999999999,1.0,0.0,1.0,0.54,0.976,0.0,0.0,1.0,0.4,0.7071067811865476,0.3583147942157953,-0.4903536977491961,-0.29678456591639873,-0.9010504913588613,-0.1521518129447644,-0.39356913183279746,-0.5266011521518128,0.0967845659163987,0.3744493392070484,0.0,0.12004393376097697
svg/g/g_11/path_207,0.9002070000000001,1.0,0.0,1.0,0.54,0.976,0.0,0.0,1.0,0.4,0.7071067811865476,0.3568780126065999,-0.48585209003215435,-0.26784565916398717,-0.8725855642155201,-0.14537444933920715,-0.3768488745980707,-0.5089800067773637,0.10900321543408362,0.3636055574381565,0.0,0.12021859635704195
svg/g/g_11/path_206,0.9002060000000001,1.0,0.0,1.0,0.54,0.976,0.0,0.0,1.0,0.4,0.7071067811865476,0.35544123099740454,-0.4810289389067523,-0.2536977491961414,-0.8359878007455099,-0.14130803117587235,-0.3673633440514468,-0.4886479159606911,0.11366559485530545,0.3473398847848188,0.0,0.11965060743201461
svg/g/g_11/path_205,0.900205,1.0,0.0,1.0,0.54,0.976,0.0,0.0,1.0,0.4,0.7071067811865476,0.35400444938820913,-0.4787781350482315,-0.24180064308681667,-0.8163334462893933,-0.1385970857336495,-0.36028938906752417,-0.4774652660115214,0.11848874598070742,0.33886818027787186,0.0,0.11958271892625677
svg/g/g_11/path_204,0.900204,1.0,0.0,1.0,0.54,0.976,0.0,0.0,1.0,0.4,0.7071067811865476,0.3525676677790137,-0.47684887459807057,-0.22636655948553047,-0.7980345645543881,-0.1338529312097592,-0.35160771704180055,-0.46594374788207366,0.12524115755627005,0.33209081667231444,0.0,0.11976684961404499
svg/g/g_11/path_203,0.9002030000000001,1.0,0.0,1.0,0.54,0.976,0.0,0.0,1.0,0.4,0.7071067811865476,0.35113088616981836,-0.4742765273311897,-0.2057877813504823,-0.77228058285327,-0.12707556760420197,-0.340032154340836,-0.44967807522873593,0.1342443729903537,0.322602507624534,0.0,0.12004428698674084
svg/g/g_11/path_202,0.9002020000000001,1.0,0.0,1.0,0.54,0.976,0.0,0.0,1.0,0.4,0.7071067811865476,0.3496941045606229,-0.47073954983922833,-0.19099678456591632,-0.7343273466621484,-0.12233141308031163,-0.3308681672025723,-0.42832937987123,0.139871382636656,0.3059979667909183,0.0,0.1197908847543317
svg/g/g_11/path_201,0.900201,1.0,0.0,1.0,0.54,0.976,0.0,0.0,1.0,0.4,0.7071067811865476,0.34825732295142753,-0.4684887459807073,-0.1533762057877813,-0.7038292104371398,-0.10538800406641805,-0.31093247588424433,-0.40460860725177894,0.15755627009646295,0.29922060318536087,0.0,0.1210867504058143
svg/g/g_11/path_200,0.9002,1.0,0.0,1.0,0.54,0.976,0.0,0.0,1.0,0.4,0.7071067811865476,0.3468205413422321,-0.46205787781350477,-0.1421221864951768,-0.6143680108437816,-0.10064384954252772,-0.3020900321543408,-0.35750593019315463,0.15996784565916405,0.25686208065062693,0.0,0.11974974578546718
svg/g/g_11/path_199,0.9001990000000001,1.0,0.0,1.0,0.54,0.976,0.0,0.0,1.0,0.4,0.7071067811865476,0.3453837597330367,-0.46045016077170414,-0.13344051446945338,-0.5838698746187732,-0.09589969501863758,-0.29694533762057884,-0.33988478481870543,0.1635048231511254,0.2439850898000678,0.0,0.11966151676006442
svg/g/g_11/path_198,0.900198,1.0,0.0,1.0,0.54,0.976,0.0,0.0,1.0,0.4,0.7071067811865476,0.34394697812384134,-0.45948553054662383,-0.10996784565916395,-0.5581158929176548,-0.0823449678075227,-0.2847266881028939,-0.32023043036258875,0.17475884244372994,0.23788546255506607,0.0,0.12074349838235031
svg/g/g_11/path_197,0.900197,1.0,0.0,1.0,0.54,0.976,0.0,0.0,1.0,0.4,0.7071067811865476,0.3425101965146459,-0.4556270096463022,-0.10353697749196138,-0.4767875296509657,-0.07827854964418848,-0.27958199356913177,-0.277533039647577,0.1760450160771704,0.1992544900033886,0.0,0.11964693649482627
svg/g/g_11/path_196,0.900196,1.0,0.0,1.0,0.54,0.976,0.0,0.0,1.0,0.4,0.7071067811865476,0.3410734149054505,-0.4546623794212219,-0.0967845659163988,-0.45035581158929167,-0.07217892239918655,-0.2757234726688103,-0.2612673669942391,0.17893890675241156,0.18908844459505256,0.0,0.1197098033607799
svg/g/g_11/path_195,0.900195,1.0,0.0,1.0,0.54,0.976,0.0,0.0,1.0,0.4,0.7071067811865476,0.3396366332962551,-0.4533762057877814,-0.09196141479099686,-0.4218908844459504,-0.06946797695696373,-0.2726688102893891,-0.245679430701457,0.18070739549839224,0.17621145374449337,0.0,0.11956599591380737
svg/g/g_11/path_194,0.900194,1.0,0.0,1.0,0.54,0.976,0.0,0.0,1.0,0.4,0.7071067811865476,0.3381998516870597,-0.4527331189710611,-0.07909967845659172,-0.3995255845476109,-0.05726872246696027,-0.2659163987138265,-0.22839715350728557,0.18681672025723475,0.1711284310403253,0.0,0.12040460121217875
svg/g/g_11/path_193,0.900193,1.0,0.0,1.0,0.54,0.976,0.0,0.0,1.0,0.4,0.7071067811865476,0.3367630700778643,-0.45080385852090027,-0.0704180064308681,-0.330396475770925,-0.04778041341917982,-0.26061093247588407,-0.18908844459505236,0.1901929260450161,0.1413080311758726,0.0,0.12015747748891281
svg/g/g_11/path_192,0.900192,1.0,0.0,1.0,0.54,0.976,0.0,0.0,1.0,0.4,0.7071067811865476,0.3353262884686689,-0.4498392282958198,-0.06237942122186488,-0.27549983056590976,-0.03829210437139937,-0.25610932475884235,-0.15689596746865453,0.19372990353697742,0.11860386309725515,0.0,0.12035690769608222
svg/g/g_11/path_191,0.900191,1.0,0.0,1.0,0.54,0.976,0.0,0.0,1.0,0.4,0.7071067811865476,0.3338895068594735,-0.44855305466237944,-0.05723472668810293,-0.2077261945103355,-0.026770586241951996,-0.2528938906752411,-0.11724839037614375,0.19565916398713826,0.09047780413419175,0.0,0.12020245042318722
svg/g/g_11/path_190,0.90019,1.0,0.0,1.0,0.54,0.976,0.0,0.0,1.0,0.4,0.7071067811865476,0.3324527252502781,-0.447588424437299,-0.05434083601286167,-0.1507963402236528,-0.019315486275838466,-0.25096463022508025,-0.08505591324974554,0.19662379421221865,0.06574042697390718,0.0,0.11997443080028333
svg/g/g_11/path_189,0.900189,1.0,0.0,1.0,0.54,0.976,0.0,0.0,1.0,0.4,0.7071067811865476,0.33101594364108267,-0.447909967845659,-0.0517684887459806,-0.011182649949169617,0.06607929515418502,-0.24983922829581973,0.0274483226025077,0.19807073954983923,0.038630972551677314,0.0,0.12060556882406943
svg/g/g_11/path_188,0.900188,1.0,0.0,1.0,0.54,0.976,0.0,0.0,1.0,0.4,0.7071067811865476,0.3295791620318873,-0.4482315112540191,-0.05241157556270082,0.011182649949170002,0.137919349373094,-0.25032154340836,0.074550999661132,0.19790996784565915,0.06336834971196201,0.0,0.12049834860516914
svg/g/g_11/path_187,0.900187,1.0,0.0,1.0,0.54,0.976,0.0,0.0,1.0,0.4,0.7071067811865476,0.3281423804226919,-0.44951768488745986,-0.05627009646302251,0.02405964079972898,0.18671636733310748,-0.2528938906752411,0.10538800406641823,0.19662379421221862,0.08132836326668925,0.0,0.12013146044518935
svg/g/g_11/path_186,0.900186,1.0,0.0,1.0,0.54,0.976,0.0,0.0,1.0,0.4,0.7071067811865476,0.3267055988134965,-0.45048231511254017,-0.0601286173633442,0.03287021348695373,0.23348017621145384,-0.25530546623794204,0.13317519484920387,0.19517684887459805,0.10030498136225005,0.0,0.12010256153319777
svg/g/g_11/path_185,0.900185,1.0,0.0,1.0,0.54,0.976,0.0,0.0,1.0,0.4,0.7071067811865476,0.3252688172043011,-0.4517684887459807,-0.06527331189710614,0.04032531345306687,0.27143341240257546,-0.25852090032154335,0.15587936292782106,0.19324758842443732,0.1155540494747543,0.0,0.11997776866465067
svg/g/g_11/path_184,0.900184,1.0,0.0,1.0,0.54,0.976,0.0,0.0,1.0,0.4,0.7071067811865476,0.32383203559510565,-0.45241157556270095,-0.06945337620578786,0.046424940698068407,0.3066757031514741,-0.2609324758842443,0.17655032192477133,0.19147909967845658,0.13012538122670284,0.0,0.11996508085211649
svg/g/g_11/path_183,0.900183,1.0,0.0,1.0,0.54,0.976,0.0,0.0,1.0,0.4,0.7071067811865476,0.3223952539859103,-0.454983922829582,-0.07491961414791,0.051846831582514435,0.38054896645205016,-0.2649517684887459,0.21619789901728229,0.190032154340836,0.16435106743476785,0.0,0.1206599075397022
svg/g/g_11/path_182,0.9001819999999999,1.0,0.0,1.0,0.54,0.976,0.0,0.0,1.0,0.4,0.7071067811865476,0.3209584723767149,-0.45787781350482315,-0.08745980707395495,0.0640460860725179,0.4571331751948493,-0.2726688102893891,0.26058963063368357,0.1852090032154341,0.19654354456116568,0.0,0.120784186527227
svg/g/g_11/path_181,0.900181,1.0,0.0,1.0,0.54,0.976,0.0,0.0,1.0,0.4,0.7071067811865476,0.31952169076751946,-0.46077170418006436,-0.1045016077170418,0.07692307692307687,0.5255845476109794,-0.282636655948553,0.30125381226702824,0.17813504823151122,0.22433073534395123,0.0,0.12066938327274881
svg/g/g_11/path_180,0.90018,1.0,0.0,1.0,0.54,0.976,0.0,0.0,1.0,0.4,0.7071067811865476,0.3180849091583241,-0.48038585209003226,-0.209646302250804,0.12097594035920041,0.8000677736360556,-0.34501607717041816,0.460521856997628,0.1353697749196142,0.33954591663842765,0.0,0.12088657093307123
svg/g/g_11/path_179,0.900179,1.0,0.0,1.0,0.54,0.976,0.0,0.0,1.0,0.4,0.7071067811865476,0.31664812754912863,-0.48360128617363346,-0.2427652733118971,0.12910877668586926,0.8298881735005081,-0.36318327974276526,0.4794984750931887,0.12041800643086818,0.3503896984073194,0.0,0.12027957011323598
svg/g/g_11/path_178,0.9001779999999999,1.0,0.0,1.0,0.54,0.976,0.0,0.0,1.0,0.4,0.7071067811865476,0.3152113459399333,-0.48617363344051445,-0.26302250803858523,0.13453066757031548,0.8515757370382923,-0.3745980707395498,0.493053202304304,0.11157556270096464,0.3585225347339884,0.0,0.12006444989880743
svg/g/g_11/path_177,0.900177,1.0,0.0,1.0,0.54,0.976,0.0,0.0,1.0,0.4,0.7071067811865476,0.31377456433073786,-0.487459807073955,-0.27845659163987146,0.13724161301253812,0.8678414096916299,-0.38295819935691316,0.502541511352084,0.1045016077170418,0.36529989833954585,0.0,0.1199400817417825
svg/g/g_11/path_176,0.900176,1.0,0.0,1.0,0.54,0.976,0.0,0.0,1.0,0.4,0.7071067811865476,0.31233778272154245,-0.4964630225080386,-0.29163987138263664,0.1392748220942054,0.9166384276516435,-0.39405144694533767,0.5279566248729244,0.10241157556270099,0.38868180277871905,0.0,0.12124887648696717
svg/g/g_11/path_175,0.900175,1.0,0.0,1.0,0.54,0.976,0.0,0.0,1.0,0.4,0.7071067811865476,0.3109010011123471,-0.4977491961414791,-0.33826366559485527,0.14944086750254157,0.9295154185022028,-0.4180064308681672,0.5394781430023722,0.0797427652733119,0.39003727549983064,0.0,0.11990081599685982
svg/g/g_11/path_174,0.9001739999999999,1.0,0.0,1.0,0.54,0.976,0.0,0.0,1.0,0.4,0.7071067811865476,0.30946421950315167,-0.4993569131832798,-0.3527331189710611,0.14944086750254157,0.9369705184683158,-0.42604501607717044,0.5432056929854286,0.07331189710610933,0.39376482548288716,0.0,0.11975937621957568
svg/g/g_11/path_173,0.9001730000000001,1.0,0.0,1.0,0.54,0.976,0.0,0.0,1.0,0.4,0.7071067811865476,0.30802743789395626,-0.5016077170418006,-0.3620578778135048,0.15147407658420908,0.9478143002372078,-0.4318327974276528,0.5496441884107084,0.06977491961414792,0.3981701118264993,0.0,0.11993421142485147
svg/g/g_11/path_172,0.900172,1.0,0.0,1.0,0.54,0.976,0.0,0.0,1.0,0.4,0.7071067811865476,0.30659065628476084,-0.5038585209003215,-0.3768488745980707,0.1528295493053203,0.9566248729244325,-0.4403536977491961,0.5547272111148764,0.06350482315112535,0.4018976618095561,0.0,0.11987617546431838
svg/g/g_11/path_171,0.9001709999999999,1.0,0.0,1.0,0.85,0.7899999999999999,0.0,0.0,0.91,0.454,0.7071067811865476,0.30515387467556543,-0.5135048231511252,-0.39003215434083605,0.1541850220264317,0.9871230091494411,-0.45176848874598063,0.5706540155879366,0.06173633440514466,0.4164689935615046,0.0,0.12158127295967897
svg/g/g_11/path_170,0.9001699999999999,1.0,0.0,1.0,0.85,0.7899999999999999,0.0,0.0,0.91,0.454,0.7071067811865476,0.30371709306637007,-0.5186495176848875,-0.4520900321543408,0.1589291765503222,0.9952558454761099,-0.48536977491961414,0.5770925110132159,0.03327974276527329,0.41816333446289383,0.0,0.12048858754331167
svg/g/g_11/path_169,0.9001690000000001,1.0,0.0,1.0,0.85,0.7899999999999999,0.0,0.0,0.91,0.454,0.7071067811865476,0.30228031145717466,-0.5244372990353697,-0.48360128617363346,0.16028464927143343,0.9993222636394441,-0.5040192926045016,0.5798034564554388,0.02041800643086819,0.41951880718400536,0.0,0.12062067796422181
svg/g/g_11/path_168,0.9001680000000001,1.0,0.0,1.0,0.85,0.7899999999999999,0.0,0.0,0.91,0.454,0.7071067811865476,0.30084352984797924,-0.5440514469453376,-0.5196141479099678,0.16096238563198914,0.9993222636394441,-0.5318327974276528,0.5801423246357168,0.01221864951768488,0.4191799390037275,0.0,0.12027176135563857
svg/g/g_11/path_167,0.900167,1.0,0.0,1.0,0.85,0.7899999999999999,0.0,0.0,0.91,0.454,0.7071067811865476,0.2994067482387838,-0.5713826366559485,-0.5302250803858521,0.16096238563198953,0.9993222636394445,-0.5508038585209004,0.580142324635717,0.02057877813504825,0.4191799390037275,0.0,0.12031950554475562
svg/g/g_11/path_166,0.900166,1.0,0.0,1.0,0.85,0.7899999999999999,0.0,0.0,0.91,0.454,0.7071067811865476,0.2979699666295884,-0.5951768488745981,-0.5347266881028939,0.15960691291087772,0.994578109115554,-0.564951768488746,0.5770925110132159,0.03022508038585211,0.41748559810233815,0.0,0.12020030449484423
svg/g/g_11/path_165,0.9001649999999999,1.0,0.0,1.0,0.85,0.7899999999999999,0.0,0.0,0.91,0.454,0.7071067811865476,0.29653318502039305,-0.6170418006430868,-0.5385852090032154,0.15892917655032202,0.9884784818705524,-0.5778135048231511,0.5737038292104372,0.039228295819935706,0.4147746526601152,0.0,0.12012282974598285
svg/g/g_11/path_164,0.9001640000000001,1.0,0.0,1.0,0.85,0.7899999999999999,0.0,0.0,0.91,0.454,0.7071067811865476,0.29509640341119764,-0.6366559485530546,-0.5421221864951768,0.15757370382921043,0.9803456455438836,-0.5893890675241158,0.568959674686547,0.047266881028938924,0.41138597085733647,0.0,0.12005005558709433
svg/g/g_11/path_163,0.900163,1.0,0.0,1.0,0.85,0.7899999999999999,0.0,0.0,0.91,0.454,0.7071067811865476,0.2936596218020022,-0.6736334405144695,-0.5453376205787781,0.15350728566587638,0.9708573364961033,-0.6094855305466238,0.5621823110809897,0.06414790996784567,0.40867502541511347,0.0,0.12068709493625866
svg/g/g_11/path_162,0.900162,1.0,0.0,1.0,0.85,0.7899999999999999,0.0,0.0,0.91,0.454,0.7071067811865476,0.2922228401928068,-0.7070739549839229,-0.5511254019292605,0.14944086750254157,0.9491697729583192,-0.6290996784565916,0.5493053202304304,0.07797427652733119,0.39986445272788884,0.0,0.12060660998061452
svg/g/g_11/path_161,0.900161,1.0,0.0,1.0,0.85,0.7899999999999999,0.0,0.0,0.91,0.454,0.7071067811865476,0.2907860585836114,-0.7379421221864951,-0.5565916398713826,0.14605218569976286,0.9227380548966454,-0.6472668810289389,0.5343951202982037,0.09067524115755624,0.38834293459844116,0.0,0.12050766147505552
svg/g/g_11/path_160,0.9001600000000001,1.0,0.0,1.0,0.85,0.7899999999999999,0.0,0.0,0.91,0.454,0.7071067811865476,0.28934927697441604,-0.7639871382636656,-0.5614147909967846,0.14063029481531683,0.8922399186716369,-0.6627009646302252,0.5164351067434768,0.10128617363344047,0.37580481192815995,0.0,0.12036108568159179
svg/g/g_11/path_159,0.900159,1.0,0.0,1.0,0.85,0.7899999999999999,0.0,0.0,0.91,0.454,0.7071067811865476,0.2879124953652206,-0.7884244372990353,-0.5659163987138264,0.1358861402914267,0.8624195188071839,-0.6771704180064309,0.49915282954930534,0.1112540192926045,0.3632666892578787,0.0,0.12030936309985539
svg/g/g_11/path_158,0.900158,1.0,0.0,1.0,0.85,0.7899999999999999,0.0,0.0,0.91,0.454,0.7071067811865476,0.2864757137560252,-0.867524115755627,-0.5768488745980708,0.11487631311419849,0.7655032192477125,-0.7221864951768489,0.4401897661809557,0.14533762057877816,0.325313453066757,0.0,0.12106112573509537
svg/g/g_11/path_157,0.900157,1.0,0.0,1.0,0.85,0.7899999999999999,0.0,0.0,0.91,0.454,0.7071067811865476,0.28503893214682985,-0.8919614147909967,-0.5829581993569132,0.10538800406641823,0.6902744832260251,-0.7374598070739551,0.3978312436462217,0.1545016077170418,0.29244323957980345,0.0,0.12053704094264017
svg/g/g_11/path_156,0.9001560000000001,1.0,0.0,1.0,0.85,0.7899999999999999,0.0,0.0,0.91,0.454,0.7071067811865476,0.28360215053763443,-0.9565916398713826,-0.594855305466238,0.07082344967807534,0.4822094205354117,-0.7757234726688103,0.2765164351067435,0.18086816720257234,0.2056929854286682,0.0,0.12049379015042304
svg/g/g_11/path_155,0.900155,1.0,0.0,1.0,0.85,0.7899999999999999,0.0,0.0,0.91,0.454,0.7071067811865476,0.282165368928439,-0.9668810289389067,-0.5983922829581995,0.06201287699085059,0.41375804811928163,-0.782636655948553,0.2378854625550662,0.18424437299035368,0.17587258556421553,0.0,0.12009605424773868
svg/g/g_11/path_154,0.900154,1.0,0.0,1.0,0.85,0.7899999999999999,0.0,0.0,0.91,0.454,0.7071067811865476,0.2807285873192436,-0.9771704180064308,-0.6003215434083601,0.056590986106404756,0.3636055574381566,-0.7887459807073955,0.21009827177228058,0.1884244372990354,0.1535072856658759,0.0,0.12017695209145246
svg/g/g_11/path_153,0.900153,1.0,0.0,1.0,0.85,0.7899999999999999,0.0,0.0,0.91,0.454,0.7071067811865476,0.2792918057100482,-0.9842443729903537,-0.6016077170418006,0.0443917316164011,0.30328702134869534,-0.7929260450160771,0.17383937648254832,0.19131832797427653,0.12944764486614713,0.0,0.12008867592428671
svg/g/g_11/path_152,0.900152,1.0,0.0,1.0,0.85,0.7899999999999999,0.0,0.0,0.91,0.454,0.7071067811865476,0.27785502410085283,-0.9893890675241157,-0.607395498392283,0.04303625889528969,0.25177905794645883,-0.7983922829581994,0.14740765842087428,0.1909967845659164,0.10437139952558458,0.0,0.11961401582782326
svg/g/g_11/path_151,0.900151,1.0,0.0,1.0,0.85,0.7899999999999999,0.0,0.0,0.91,0.454,0.7071067811865476,0.2764182424916574,-0.9958199356913183,-0.6041800643086817,0.023381904439173276,0.20637072178922408,-0.8,0.11487631311419869,0.19581993569131834,0.09149440867502541,0.0,0.12051012785063697
svg/g/g_11/path_150,0.90015,1.0,0.0,0.9099999999999996,0.7,0.8529999999999999,0.0,0.0,1.0,0.4,0.7071067811865476,0.274981460882462,-0.9983922829581994,-0.6061093247588425,0.015249068112504234,0.12843104032531355,-0.8022508038585209,0.07184005421890899,0.19614147909967847,0.05659098610640466,0.0,0.1199404436549274
svg/g/g_11/path_149,0.900149,1.0,0.0,0.9099999999999996,0.7,0.8529999999999999,0.0,0.0,1.0,0.4,0.7071067811865476,0.2735446792732666,-1.0,-0.607395498392283,-0.05116909522195854,-0.0037275499830564753,-0.8036977491961415,-0.027448322602507506,0.19630225080385852,0.023720772619451033,0.0,0.11969678705596408
svg/g/g_11/path_148,0.900148,1.0,0.0,0.9099999999999996,0.7,0.8529999999999999,0.0,0.0,1.0,0.4,0.7071067811865476,0.2721078976640712,-1.0,-0.6064308681672026,-0.013215859030836927,0.07760081328363277,-0.8032154340836013,0.03219247712639783,0.19678456591639873,0.04540833615723485,0.0,0.12065526564217484
svg/g/g_11/path_147,0.900147,1.0,0.0,0.9099999999999996,0.7,0.8529999999999999,0.0,0.0,1.0,0.4,0.7071067811865476,0.2706711160548758,-0.7231511254019292,-0.5565916398713826,-0.9240935276177565,-0.16299559471365627,-0.639871382636656,-0.5435445611657064,0.08327974276527328,0.3805489664520501,0.0,0.11961156007119879
svg/g/g_11/path_146,0.900146,1.0,0.0,0.9099999999999996,0.7,0.8529999999999999,0.0,0.0,1.0,0.4,0.7071067811865476,0.2692343344456804,-0.7697749196141479,-0.5630225080385852,-0.8854625550660791,-0.1541850220264317,-0.6663987138263665,-0.5198237885462554,0.10337620578778137,0.3656387665198238,0.0,0.11997311332390388
svg/g/g_11/path_145,0.900145,1.0,0.0,0.9099999999999996,0.7,0.8529999999999999,0.0,0.0,1.0,0.4,0.7071067811865476,0.267797552836485,-0.7443729903536977,-0.5594855305466238,-0.9078278549644186,-0.15892917655032185,-0.6519292604501608,-0.5333785157573703,0.09244372990353698,0.3744493392070484,0.0,0.11978486722330318
svg/g/g_11/path_144,0.9001439999999999,1.0,0.0,0.9099999999999996,0.7,0.8529999999999999,0.0,0.0,1.0,0.4,0.7071067811865476,0.26636077122728957,-0.8295819935691319,-0.5729903536977492,-0.8129447644866146,-0.13927482209420522,-0.7012861736334406,-0.4761097932904099,0.1282958199356913,0.33683497119620465,0.0,0.12024034135637855
svg/g/g_11/path_143,0.900143,1.0,0.0,0.9099999999999996,0.7,0.8529999999999999,0.0,0.0,1.0,0.4,0.7071067811865476,0.26492398961809416,-0.8006430868167203,-0.567524115755627,-0.8549644188410707,-0.14672992206031837,-0.6840836012861736,-0.5008471704506945,0.11655948553054662,0.3541172483903761,0.0,0.12024350873725369
svg/g/g_11/path_142,0.900142,1.0,0.0,0.9099999999999996,0.7,0.8529999999999999,0.0,0.0,1.0,0.4,0.7071067811865476,0.2634872080088988,-0.8591639871382636,-0.5778135048231511,-0.7648254828871567,-0.12910877668586906,-0.7184887459807073,-0.44696712978651293,0.14067524115755628,0.3178583531006438,0.0,0.12037056121334826
svg/g/g_11/path_141,0.900141,1.0,0.0,0.9099999999999996,0.7,0.8529999999999999,0.0,0.0,1.0,0.4,0.7071067811865476,0.2620504263997034,-0.6183279742765273,-0.5334405144694534,-0.994578109115554,-0.17383937648254813,-0.5758842443729902,-0.584208742799051,0.042443729903536995,0.41036936631650284,0.0,0.1206024122177731
svg/g/g_11/path_140,0.9001399999999999,1.0,0.0,0.9099999999999996,0.7,0.8529999999999999,0.0,0.0,1.0,0.4,0.7071067811865476,0.26061364479050797,-0.6334405144694533,-0.5414790996784566,-0.9803456455438831,-0.17316164012199242,-0.587459807073955,-0.5767536428329378,0.04598070739549838,0.4035920027109454,0.0,0.11947579237336388
svg/g/g_11/path_139,0.900139,1.0,0.0,0.9099999999999996,0.7,0.8529999999999999,0.0,0.0,1.0,0.4,0.7071067811865476,0.2591768631813126,-0.704823151125402,-0.5504823151125402,-0.9505252456794306,-0.16502880379532356,-0.6276527331189711,-0.5577770247373771,0.07717041800643087,0.3927482209420535,0.0,0.12020804487161149
svg/g/g_11/path_138,0.900138,1.0,0.0,0.9099999999999996,0.7,0.8529999999999999,0.0,0.0,1.0,0.4,0.7071067811865476,0.25774008157211714,-0.6713826366559486,-0.547588424437299,-0.9613690274483225,-0.16977295831921368,-0.6094855305466237,-0.5655709928837681,0.06189710610932476,0.39579803456455437,0.0,0.11954511254206249
svg/g/g_11/path_137,0.900137,1.0,0.0,0.9099999999999996,0.7,0.8529999999999999,0.0,0.0,1.0,0.4,0.7071067811865476,0.2563032999629218,-0.6546623794212219,-0.5437299035369775,-0.9728905455777701,-0.1711284310403253,-0.5991961414790997,-0.5720094883090476,0.05546623794212214,0.40088105726872236,0.0,0.1197163302433739
svg/g/g_11/path_136,0.9001359999999999,1.0,0.0,0.9099999999999996,0.7,0.8529999999999999,0.0,0.0,1.0,0.4,0.7071067811865476,0.25486651835372637,-0.962700964630225,-0.5990353697749197,-0.4591663842765163,-0.07421213148085387,-0.7808681672025723,-0.26668925787868514,0.18183279742765274,0.1924771263978312,0.0,0.12030457006106494
svg/g/g_11/path_135,0.9001349999999999,1.0,0.0,0.9099999999999996,0.7,0.8529999999999999,0.0,0.0,1.0,0.4,0.7071067811865476,0.25342973674453095,-0.9948553054662379,-0.6061093247588425,-0.1846831582514402,-0.03219247712639783,-0.8004823151125402,-0.108437817688919,0.19437299035369776,0.07624534056252118,0.0,0.11969101930458206
svg/g/g_11/path_134,0.900134,1.0,0.0,0.9099999999999996,0.7,0.8529999999999999,0.0,0.0,1.0,0.4,0.7071067811865476,0.2519929551353356,-0.8803858520900322,-0.5832797427652733,-0.7078956286004743,-0.12165367671975592,-0.7318327974276527,-0.4147746526601151,0.14855305466237945,0.2931209759403592,0.0,0.12003012932790572
svg/g/g_11/path_133,0.900133,1.0,0.0,0.9099999999999996,0.7,0.8529999999999999,0.0,0.0,1.0,0.4,0.7071067811865476,0.2505561735261402,-0.9916398713826365,-0.6048231511254019,-0.2517790579464588,-0.038969840731955266,-0.7982315112540193,-0.14537444933920696,0.19340836012861737,0.10640460860725175,0.0,0.12018109776745807
svg/g/g_11/path_132,0.9001319999999999,1.0,0.0,0.9099999999999996,0.7,0.8529999999999999,0.0,0.0,1.0,0.4,0.7071067811865476,0.24911939191694477,-0.9842443729903537,-0.6035369774919613,-0.32090816672314465,-0.05049135886140283,-0.7938906752411575,-0.18569976279227363,0.19035369774919614,0.1352084039308709,0.0,0.12018967613334677
svg/g/g_11/path_131,0.9001309999999999,1.0,0.0,0.9099999999999996,0.7,0.8529999999999999,0.0,0.0,1.0,0.4,0.7071067811865476,0.24768261030774935,-0.9218649517684887,-0.5897106109324759,-0.6184344290071161,-0.10199932226363932,-0.7557877813504823,-0.36021687563537774,0.16607717041800643,0.2582175533717384,0.0,0.12045004164034992
svg/g/g_11/path_130,0.9001300000000001,1.0,0.0,0.9099999999999996,0.7,0.8529999999999999,0.0,0.0,1.0,0.4,0.7071067811865476,0.24624582869855394,-0.8971061093247589,-0.5868167202572347,-0.661131819722128,-0.11419857675364278,-0.7419614147909968,-0.38766519823788537,0.15514469453376206,0.27346662148424256,0.0,0.11988710725249074
svg/g/g_11/path_129,0.9001290000000001,1.0,0.0,0.9099999999999996,0.7,0.8529999999999999,0.0,0.0,1.0,0.4,0.7071067811865476,0.24480904708935855,-0.9463022508038585,-0.5938906752411576,-0.547272111148763,-0.08370044052863432,-0.770096463022508,-0.3154862758386986,0.17620578778135051,0.23178583531006433,0.0,0.12074373031770821
svg/g/g_11/path_128,0.900128,1.0,0.0,0.9099999999999996,0.7,0.8529999999999999,0.0,0.0,1.0,0.4,0.7071067811865476,0.24337226548016316,-0.9742765273311897,-0.6012861736334405,-0.3852931209759403,-0.059979667909183285,-0.7877813504823151,-0.22263639444256178,0.1864951768488746,0.1626567265333785,0.0,0.12019315763945164
svg/g/g_11/g_12/path_127,0.9001269999999999,1.0,0.0,0.9099999999999996,0.7,0.8529999999999999,0.0,0.0,1.0,0.4,0.7071067811865476,0.30443548387096775,-0.9977491961414792,-0.6064308681672026,-0.14605218569976267,-0.01728227719417135,-0.8020900321543409,-0.08166723144696701,0.1956591639871382,0.06438495425279565,0.0,0.12005130917472807
svg/g/g_11/g_12/path_126,0.9001260000000001,1.0,0.0,0.9099999999999996,0.7,0.8529999999999999,0.0,0.0,1.0,0.4,0.7071067811865476,0.24193548387096775,-0.9993569131832798,-0.6073954983922829,-0.09183327685530317,-0.010504913588613912,-0.8033762057877814,-0.05116909522195854,0.19598070739549842,0.04066418163334463,0.0,0.11972041086419472
svg/g/g_9/path_125,0.9001250000000001,1.0,0.0,1.0,0.54,0.976,0.0,0.0,1.0,0.4,0.7071067811865476,0.3588709677419355,-0.5241157556270096,-0.4745980707395498,-0.8217553371738392,-0.16977295831921368,-0.4993569131832798,-0.4957641477465264,0.024758842443729914,0.32599118942731276,0.0,0.1154236500345521
svg/g/g_9/path_124,0.900124,1.0,0.0,1.0,0.54,0.976,0.0,0.0,1.0,0.4,0.7071067811865476,0.3574341861327401,-0.5147909967845659,-0.4202572347266881,-0.8143002372077262,-0.16435106743476785,-0.467524115755627,-0.48932565232124703,0.047266881028938924,0.3249745848864792,0.0,0.11567717575229419
svg/g/g_9/path_123,0.900123,1.0,0.0,1.0,0.54,0.976,0.0,0.0,1.0,0.4,0.7071067811865476,0.35599740452354467,-0.5035369774919614,-0.37942122186495175,-0.790579464588275,-0.15892917655032185,-0.4414790996784566,-0.4747543205692984,0.06205787781350482,0.3158251440189766,0.0,0.11513692124681252
svg/g/g_9/path_122,0.9001220000000001,1.0,0.0,1.0,0.54,0.976,0.0,0.0,1.0,0.4,0.7071067811865476,0.3545606229143493,-0.49485530546623796,-0.33762057877813506,-0.7607590647238223,-0.15011860386309728,-0.41623794212218646,-0.4554388342934597,0.07861736334405145,0.3053202304303625,0.0,0.11527663645776605
svg/g/g_9/path_121,0.9001210000000001,1.0,0.0,1.0,0.54,0.976,0.0,0.0,1.0,0.4,0.7071067811865476,0.3531238413051539,-0.4864951768488746,-0.3144694533762058,-0.7187394103693662,-0.14401897661809554,-0.40048231511254023,-0.43137919349373083,0.0860128617363344,0.2873602168756353,0.0,0.11443650708786589
svg/g/g_9/path_120,0.90012,1.0,0.0,1.0,0.54,0.976,0.0,0.0,1.0,0.4,0.7071067811865476,0.3516870596959585,-0.48199356913183283,-0.27909967845659167,-0.6889190105049134,-0.1324974584886478,-0.3805466237942122,-0.4107082344967807,0.10144694533762061,0.2782107760081328,0.0,0.11520295584911121
svg/g/g_9/path_119,0.900119,1.0,0.0,1.0,0.54,0.976,0.0,0.0,1.0,0.4,0.7071067811865476,0.35025027808676307,-0.47459807073954974,-0.2491961414790997,-0.6340223652998982,-0.12233141308031163,-0.3618971061093248,-0.3781768891901049,0.11270096463022503,0.25584547610979325,0.0,0.1150036316916322
svg/g/g_9/path_118,0.900118,1.0,0.0,1.0,0.54,0.976,0.0,0.0,1.0,0.4,0.7071067811865476,0.34881349647756765,-0.4694533762057878,-0.21897106109324765,-0.5770925110132158,-0.10742121314808516,-0.34421221864951773,-0.3422568620806504,0.12524115755627005,0.2348356489325653,0.0,0.11531300368230658
svg/g/g_9/path_117,0.9001170000000001,1.0,0.0,1.0,0.54,0.976,0.0,0.0,1.0,0.4,0.7071067811865476,0.3473767148683723,-0.4633440514469453,-0.20353697749196145,-0.5045747204337512,-0.09928837682141631,-0.3334405144694535,-0.30193154862758376,0.129903536977492,0.20264317180616742,0.0,0.11442580973750772
svg/g/g_9/path_116,0.900116,1.0,0.0,1.0,0.54,0.976,0.0,0.0,1.0,0.4,0.7071067811865476,0.3459399332591769,-0.46045016077170414,-0.16881028938906753,-0.4598441206370721,-0.07285665875974226,-0.3146302250803859,-0.2663503896984072,0.14581993569131832,0.19349373093866493,0.0,0.11642762102737557
svg/g/g_9/path_115,0.900115,1.0,0.0,1.0,0.54,0.976,0.0,0.0,1.0,0.4,0.7071067811865476,0.34450315164998146,-0.4533762057877814,-0.1443729903536977,-0.3290410030498135,-0.038292104371399564,-0.2988745980707395,-0.18366655371060653,0.15450160771704183,0.14537444933920696,0.0,0.11682514173069201
svg/g/g_9/path_114,0.900114,1.0,0.0,1.0,0.54,0.976,0.0,0.0,1.0,0.4,0.7071067811865476,0.3430663700407861,-0.447909967845659,-0.1379421221864951,-0.1711284310403251,-0.024059640799728787,-0.29292604501607705,-0.09759403592002695,0.15498392282958195,0.07353439512029816,0.0,0.11508587393969674
svg/g/g_9/path_113,0.900113,1.0,0.0,1.0,0.54,0.976,0.0,0.0,1.0,0.4,0.7071067811865476,0.34162958843159064,-0.44694533762057875,-0.13569131832797424,-0.08505591324974572,-0.0077939681463908995,-0.2913183279742766,-0.04642494069806822,0.15562700964630224,0.03863097255167741,0.0,0.11494680344223804
svg/g/g_9/path_112,0.900112,1.0,0.0,1.0,0.54,0.976,0.0,0.0,1.0,0.4,0.7071067811865476,0.3401928068223953,-0.44662379421221865,-0.13536977491961405,-0.009827177228058207,0.05388004066418174,-0.2909967845659164,0.02202643171806167,0.15562700964630233,0.03185360894611998,0.0,0.11478820828727836
svg/g/g_9/path_111,0.900111,1.0,0.0,1.0,0.54,0.976,0.0,0.0,1.0,0.4,0.7071067811865476,0.33875602521319986,-0.45048231511254017,-0.13665594855305466,0.0098271772280584,0.25110132158590315,-0.2935691318327975,0.13046424940698068,0.15691318327974277,0.12063707217892237,0.0,0.11750317164639898
svg/g/g_9/path_110,0.90011,1.0,0.0,1.0,0.54,0.976,0.0,0.0,1.0,0.4,0.7071067811865476,0.33731924360400445,-0.454983922829582,-0.15466237942122193,0.050491358861403025,0.37648254828871575,-0.304823151125402,0.21348695357505929,0.15016077170418007,0.16299559471365638,0.0,0.11621001629138218
svg/g/g_9/path_109,0.900109,1.0,0.0,1.0,0.54,0.976,0.0,0.0,1.0,0.4,0.7071067811865476,0.3358824619948091,-0.45755627009646305,-0.1794212218649518,0.07353439512029816,0.4320569298542867,-0.3184887459807074,0.2527956624872925,0.13906752411575563,0.17926126736699424,0.0,0.11475605896477475
svg/g/g_9/path_108,0.900108,1.0,0.0,1.0,0.54,0.976,0.0,0.0,1.0,0.4,0.7071067811865476,0.3344456803856137,-0.47202572347266886,-0.19485530546623783,0.08505591324974592,0.610979329041003,-0.33344051446945333,0.3480176211453746,0.13858520900321547,0.26296170789562856,0.0,0.11815291260274317
svg/g/g_9/path_107,0.900107,1.0,0.0,1.0,0.54,0.976,0.0,0.0,1.0,0.4,0.7071067811865476,0.33300889877641826,-0.4855305466237942,-0.26591639871382633,0.12097594035920041,0.7139952558454762,-0.3757234726688103,0.4174855981023383,0.10980707395498394,0.2965096577431379,0.0,0.11707406299002086
svg/g/g_9/path_106,0.900106,1.0,0.0,1.0,0.54,0.976,0.0,0.0,1.0,0.4,0.7071067811865476,0.33157211716722285,-0.49356913183279744,-0.33376205787781354,0.14334124025753983,0.7546594374788208,-0.41366559485530546,0.44900033886818025,0.07990353697749195,0.30565909861064045,0.0,0.11533122586482875
svg/g/g_9/path_105,0.9001049999999999,1.0,0.0,1.0,0.54,0.976,0.0,0.0,1.0,0.4,0.7071067811865476,0.33013533555802743,-0.4974276527331191,-0.37202572347266877,0.15079634022365299,0.7709251101321586,-0.43472668810289405,0.4608607251779058,0.06270096463022512,0.31006438495425276,0.0,0.11437113436647517
svg/g/g_9/path_104,0.900104,1.0,0.0,1.0,0.54,0.976,0.0,0.0,1.0,0.4,0.7071067811865476,0.3286985539488321,-0.5022508038585208,-0.3919614147909968,0.1548627583869878,0.7871907827854966,-0.44710610932475886,0.4710267705862423,0.05514469453376203,0.3161640121992544,0.0,0.11447353615527399
svg/g/g_9/path_103,0.900103,1.0,0.0,1.0,0.85,0.7899999999999999,0.0,0.0,0.91,0.454,0.7071067811865476,0.32726177233963666,-0.5131832797427652,-0.4141479099678457,0.15825144018976633,0.8122670281260591,-0.46366559485530545,0.48525923415791267,0.04951768488745978,0.3270077939681464,0.0,0.11578548465057441
svg/g/g_9/path_102,0.900102,1.0,0.0,1.0,0.85,0.7899999999999999,0.0,0.0,0.91,0.454,0.7071067811865476,0.32582499073044124,-0.5244372990353697,-0.4655948553054663,0.16435106743476824,0.8224330735343952,-0.49501607717041796,0.4933920704845817,0.029421221864951788,0.3290410030498135,0.0,0.11586099466749783
svg/g/g_9/path_101,0.9001009999999999,1.0,0.0,1.0,0.85,0.7899999999999999,0.0,0.0,0.91,0.454,0.7071067811865476,0.32438820912124583,-0.5823151125401929,-0.5212218649517685,0.16435106743476785,0.8231108098949511,-0.5517684887459807,0.4937309386648595,0.03054662379421222,0.32937987123009155,0.0,0.11616854227514917
svg/g/g_9/path_100,0.9001,1.0,0.0,1.0,0.85,0.7899999999999999,0.0,0.0,0.91,0.454,0.7071067811865476,0.3229514275120504,-0.6167202572347267,-0.5389067524115756,0.16164012199254504,0.8136225008471705,-0.5778135048231511,0.48763131141985777,0.03890675241157555,0.3259911894273128,0.0,0.11493517630269448
svg/g/g_9/path_99,0.900099,1.0,0.0,1.0,0.85,0.7899999999999999,0.0,0.0,0.91,0.454,0.7071067811865476,0.32151464590285506,-0.7003215434083602,-0.5453376205787781,0.15079634022365299,0.7993900372754997,-0.6228295819935692,0.4750931887495765,0.07749196141479098,0.3242968485259234,0.0,0.1171809762550082
svg/g/g_9/path_98,0.900098,1.0,0.0,1.0,0.85,0.7899999999999999,0.0,0.0,0.91,0.454,0.7071067811865476,0.32007786429365964,-0.742443729903537,-0.560128617363344,0.14130803117587273,0.7343273466621485,-0.6512861736334405,0.43781768891901063,0.09115755627009645,0.2965096577431379,0.0,0.11553848011721242
svg/g/g_9/path_97,0.9000969999999999,1.0,0.0,1.0,0.85,0.7899999999999999,0.0,0.0,0.91,0.454,0.7071067811865476,0.3186410826844642,-0.77491961414791,-0.5684887459807074,0.13249745848864816,0.6821416468993563,-0.6717041800643087,0.40731955269400216,0.10321543408360127,0.2748220942053541,0.0,0.11515557081261814
svg/g/g_9/path_96,0.900096,1.0,0.0,1.0,0.85,0.7899999999999999,0.0,0.0,0.91,0.454,0.7071067811865476,0.31720430107526887,-0.827652733118971,-0.5752411575562701,0.11148763131141996,0.6306336834971197,-0.7014469453376206,0.3710606574042697,0.12620578778135047,0.2595730260928498,0.0,0.1166081616973693
svg/g/g_9/path_95,0.900095,1.0,0.0,1.0,0.85,0.7899999999999999,0.0,0.0,0.91,0.454,0.7071067811865476,0.3157675194660734,-0.8524115755627011,-0.5855305466237942,0.09793290410030489,0.5181294476448662,-0.7189710610932476,0.30803117587258566,0.13344051446945338,0.21009827177228058,0.0,0.11521195471338007
svg/g/g_9/path_94,0.900094,1.0,0.0,1.0,0.85,0.7899999999999999,0.0,0.0,0.91,0.454,0.7071067811865476,0.31433073785687804,-0.8665594855305466,-0.5913183279742765,0.08776685869196893,0.4462893934259574,-0.7289389067524116,0.2670281260589631,0.13762057877813505,0.17926126736699424,0.0,0.11452485292504452
svg/g/g_9/path_93,0.9000929999999999,1.0,0.0,1.0,0.85,0.7899999999999999,0.0,0.0,0.91,0.454,0.7071067811865476,0.3128939562476826,-0.8971061093247589,-0.5942122186495177,0.058624195188071875,0.39681463910538806,-0.7456591639871383,0.22771941714673005,0.15144694533762057,0.1690952219586581,0.0,0.11666780467400292
svg/g/g_9/path_92,0.9000920000000001,1.0,0.0,1.0,0.85,0.7899999999999999,0.0,0.0,0.91,0.454,0.7071067811865476,0.3114571746384872,-0.9070739549839228,-0.6012861736334405,0.0443917316164011,0.24906811250423583,-0.7541800643086817,0.14672992206031857,0.15289389067524115,0.10233819044391737,0.0,0.11497977625694947
svg/g/g_9/path_91,0.9000910000000001,1.0,0.0,1.0,0.85,0.7899999999999999,0.0,0.0,0.91,0.454,0.7071067811865476,0.31002039302929185,-0.912540192926045,-0.6038585209003215,0.02541511352084039,0.1711284310403253,-0.7581993569131833,0.09827177228058284,0.15434083601286175,0.07285665875974245,0.0,0.11478824152604208
svg/g/g_9/path_90,0.9000900000000001,1.0,0.0,0.9099999999999996,0.7,0.8529999999999999,0.0,0.0,1.0,0.4,0.7071067811865476,0.3085836114200964,-0.9157556270096463,-0.6054662379421222,-0.010504913588613912,0.10335479498475092,-0.7606109324758843,0.0464249406980686,0.15514469453376206,0.056929854286682416,0.0,0.11564437017610263
svg/g/g_9/path_89,0.9000889999999999,1.0,0.0,0.9099999999999996,0.7,0.8529999999999999,0.0,0.0,1.0,0.4,0.7071067811865476,0.307146829810901,-0.9157556270096463,-0.6064308681672026,-0.07692307692307669,0.003049813622501155,-0.7610932475884244,-0.036936631650287766,0.15466237942122188,0.03998644527278892,0.0,0.11465754938201642
svg/g/g_9/path_88,0.9000879999999999,1.0,0.0,0.9099999999999996,0.7,0.8529999999999999,0.0,0.0,1.0,0.4,0.7071067811865476,0.3057100482017056,-0.9141479099678457,-0.6064308681672026,-0.12233141308031163,-0.011860386309725517,-0.7602893890675241,-0.06709589969501847,0.15385852090032154,0.05523551338529306,0.0,0.11415391196744458
svg/g/g_9/path_87,0.9000870000000001,1.0,0.0,0.9099999999999996,0.7,0.8529999999999999,0.0,0.0,1.0,0.4,0.7071067811865476,0.3042732665925102,-0.9112540192926044,-0.6057877813504823,-0.15350728566587582,-0.02067095899695007,-0.7585209003215434,-0.08708912233141285,0.1527331189710611,0.06641816333446288,0.0,0.11390927298585132
svg/g/g_9/path_86,0.900086,1.0,0.0,0.9099999999999996,0.7,0.8529999999999999,0.0,0.0,1.0,0.4,0.7071067811865476,0.30283648498331484,-0.9086816720257236,-0.6035369774919614,-0.26601152151812935,-0.02948153168417462,-0.7561093247588425,-0.14774652660115203,0.152572347266881,0.11826499491697735,0.0,0.11563426161256493
svg/g/g_9/path_85,0.900085,1.0,0.0,0.9099999999999996,0.7,0.8529999999999999,0.0,0.0,1.0,0.4,0.7071067811865476,0.3013997033741194,-0.8942122186495177,-0.5987138263665595,-0.37783802100982705,-0.05049135886140283,-0.7464630225080386,-0.214164689935615,0.14774919614147913,0.16367333107421211,0.0,0.11582213926633188
svg/g/g_9/path_84,0.900084,1.0,0.0,0.9099999999999996,0.7,0.8529999999999999,0.0,0.0,1.0,0.4,0.7071067811865476,0.299962921764924,-0.8713826366559485,-0.5884244372990354,-0.5452389020670958,-0.07624534056252118,-0.729903536977492,-0.3107421213148085,0.1414790996784566,0.2344967807522873,0.0,0.11738726476020443
svg/g/g_9/path_83,0.9000830000000001,1.0,0.0,0.9099999999999996,0.7,0.8529999999999999,0.0,0.0,1.0,0.4,0.7071067811865476,0.2985261401557286,-0.8167202572347267,-0.5848874598070739,-0.5825144018976617,-0.11080989495086388,-0.7008038585209003,-0.34666214842426285,0.1159163987138264,0.23585225347339892,0.0,0.11429881201344531
svg/g/g_9/path_82,0.900082,1.0,0.0,0.9099999999999996,0.7,0.8529999999999999,0.0,0.0,1.0,0.4,0.7071067811865476,0.2970893585465332,-0.8,-0.5752411575562701,-0.6692646560487969,-0.12029820399864452,-0.687620578778135,-0.3947814300237206,0.11237942122186498,0.2744832260250762,0.0,0.11600241757918768
svg/g/g_9/path_81,0.900081,1.0,0.0,0.9099999999999996,0.7,0.8529999999999999,0.0,0.0,1.0,0.4,0.7071067811865476,0.2956525769373378,-0.7511254019292605,-0.5652733118971062,-0.7282277194171466,-0.1385970857336495,-0.6581993569131834,-0.43341240257539804,0.09292604501607714,0.29481531684174855,0.0,0.11558251012093129
svg/g/g_9/path_80,0.90008,1.0,0.0,0.9099999999999996,0.7,0.8529999999999999,0.0,0.0,1.0,0.4,0.7071067811865476,0.2942157953281424,-0.7054662379421222,-0.5581993569131832,-0.7607590647238223,-0.1514740765842087,-0.6318327974276527,-0.45611657065401545,0.07363344051446948,0.3046424940698068,0.0,0.11483114320279773
svg/g/g_9/path_79,0.9000790000000001,1.0,0.0,0.9099999999999996,0.7,0.8529999999999999,0.0,0.0,1.0,0.4,0.7071067811865476,0.292779013718947,-0.6717041800643087,-0.5491961414790997,-0.790579464588275,-0.15892917655032185,-0.6104501607717042,-0.4747543205692984,0.0612540192926045,0.3158251440189766,0.0,0.11511357738520064
svg/g/g_9/path_78,0.900078,1.0,0.0,0.9099999999999996,0.7,0.8529999999999999,0.0,0.0,1.0,0.4,0.7071067811865476,0.2913422321097516,-0.6305466237942122,-0.5427652733118972,-0.8054896645205014,-0.16570654015587927,-0.5866559485530546,-0.48559810233819034,0.04389067524115758,0.3198915621823111,0.0,0.11448774674198695
svg/g/g_9/g_10/path_77,0.900077,1.0,0.0,0.9099999999999996,0.7,0.8529999999999999,0.0,0.0,1.0,0.4,0.7071067811865476,0.35240545050055616,-0.6019292604501607,-0.5347266881028939,-0.8176889190105048,-0.1684174855981023,-0.5683279742765274,-0.4930532023043036,0.033601286173633456,0.3246357167062012,0.0,0.1149311292545582
svg/g/g_9/g_10/path_76,0.900076,1.0,0.0,0.9099999999999996,0.7,0.8529999999999999,0.0,0.0,1.0,0.4,0.7071067811865476,0.28990545050055616,-0.5630225080385852,-0.5260450160771704,-0.822433073534395,-0.1711284310403253,-0.5445337620578778,-0.4967807522873602,0.018488745980707395,0.32565232124703486,0.0,0.11492020729361725
svg/g/g_7/path_75,0.900075,1.0,0.0,1.0,0.54,0.976,0.0,0.0,1.0,0.4,0.7071067811865476,0.35080645161290325,-0.5241157556270095,-0.4430868167202573,-0.6448661470687902,-0.11352084039308707,-0.48360128617363346,-0.3791934937309386,0.04051446945337619,0.26567265333785156,0.0,0.11234523507134025
svg/g/g_7/path_74,0.900074,1.0,0.0,1.0,0.54,0.976,0.0,0.0,1.0,0.4,0.7071067811865476,0.34936967000370783,-0.5106109324758843,-0.36012861736334406,-0.6204676380887832,-0.0986106404608606,-0.43536977491961415,-0.35953913927482195,0.07524115755627012,0.26092849881396135,0.0,0.1128265490452454
svg/g/g_7/path_73,0.900073,1.0,0.0,1.0,0.54,0.976,0.0,0.0,1.0,0.4,0.7071067811865476,0.3479328883945124,-0.4961414790996785,-0.27363344051446953,-0.5411724839037614,-0.06607929515418502,-0.3848874598070739,-0.30362588952897307,0.11125401929260448,0.23754659437478817,0.0,0.11430871816153604
svg/g/g_7/path_72,0.900072,1.0,0.0,1.0,0.54,0.976,0.0,0.0,1.0,0.4,0.7071067811865476,0.346496106785317,-0.4810289389067524,-0.22700964630225087,-0.36157234835648927,-0.02541511352084039,-0.3540192926045016,-0.19349373093866493,0.1270096463022508,0.16807861741782446,0.0,0.11415003769352892
svg/g/g_7/path_71,0.900071,1.0,0.0,1.0,0.54,0.976,0.0,0.0,1.0,0.4,0.7071067811865476,0.3450593251761216,-0.4736334405144696,-0.2199356913183279,-0.1352084039308708,0.03964757709251116,-0.3467845659163989,-0.04778041341917982,0.1268488745980708,0.08742799051169098,0.0,0.11264748682852396
svg/g/g_7/path_70,0.90007,1.0,0.0,1.0,0.54,0.976,0.0,0.0,1.0,0.4,0.7071067811865476,0.34362254356692623,-0.4752411575562701,-0.2202572347266881,0.009149440867502502,0.19417146729922063,-0.34774919614147914,0.10166045408336156,0.12749196141479102,0.09251101321585906,0.0,0.11217060800369606
svg/g/g_7/path_69,0.900069,1.0,0.0,1.0,0.54,0.976,0.0,0.0,1.0,0.4,0.7071067811865476,0.3421857619577308,-0.4810289389067524,-0.2344051446945337,0.03558115892917655,0.3364961030159268,-0.35771704180064307,0.18603863097255177,0.12331189710610926,0.15045747204337515,0.0,0.11218790726449616
svg/g/g_7/path_68,0.900068,1.0,0.0,1.0,0.54,0.976,0.0,0.0,1.0,0.4,0.7071067811865476,0.3407489803485354,-0.5106109324758843,-0.26559485530546634,0.05997966790918348,0.6177566926465605,-0.3881028938906752,0.33886818027787186,0.12250803858520898,0.2788885123686886,0.0,0.1186657880460514
svg/g/g_7/path_67,0.900067,1.0,0.0,1.0,0.85,0.7899999999999999,0.0,0.0,0.91,0.454,0.7071067811865476,0.33931219873934,-0.5254019292604502,-0.43858520900321546,0.10742121314808535,0.6448661470687902,-0.48199356913183283,0.3761436801084378,0.04340836012861737,0.26872246696035246,0.0,0.11269719667382233
svg/g/g_7/path_66,0.900066,1.0,0.0,1.0,0.85,0.7899999999999999,0.0,0.0,0.91,0.454,0.7071067811865476,0.3378754171301446,-0.5967845659163987,-0.5228295819935691,0.11013215859030837,0.645543883429346,-0.5598070739549839,0.37783802100982716,0.03697749196141479,0.26770586241951877,0.0,0.11220725663801714
svg/g/g_7/path_65,0.900065,1.0,0.0,1.0,0.85,0.7899999999999999,0.0,0.0,0.91,0.454,0.7071067811865476,0.3364386355209492,-0.7212218649517685,-0.539871382636656,0.08844459505252464,0.6272450016943409,-0.6305466237942123,0.3578447983734328,0.09067524115755624,0.26940020332090814,0.0,0.11514181414099363
svg/g/g_7/path_64,0.900064,1.0,0.0,1.0,0.85,0.7899999999999999,0.0,0.0,0.91,0.454,0.7071067811865476,0.3350018539117538,-0.7617363344051448,-0.5614147909967846,0.07353439512029836,0.4937309386648595,-0.6615755627009646,0.28363266689257893,0.10016077170418006,0.21009827177228058,0.0,0.11117736678135831
svg/g/g_7/path_63,0.900063,1.0,0.0,1.0,0.85,0.7899999999999999,0.0,0.0,0.91,0.454,0.7071067811865476,0.3335650723025584,-0.792604501607717,-0.5688102893890675,0.057946458827516166,0.40833615723483563,-0.6807073954983922,0.2331413080311759,0.11189710610932475,0.1751948492036597,0.0,0.1109907751050384
svg/g/g_7/path_62,0.900062,1.0,0.0,1.0,0.85,0.7899999999999999,0.0,0.0,0.91,0.454,0.7071067811865476,0.33212829069336297,-0.8167202572347267,-0.5742765273311897,0.03693663165028815,0.3134530667570315,-0.6954983922829583,0.1751948492036599,0.12122186495176845,0.13825821755337175,0.0,0.11127677337276498
svg/g/g_7/path_61,0.900061,1.0,0.0,1.0,0.85,0.7899999999999999,0.0,0.0,0.91,0.454,0.7071067811865476,0.33069150908416756,-0.8292604501607717,-0.5790996784565916,0.01457133175194853,0.19620467638088793,-0.7041800643086816,0.10538800406641823,0.12508038585209,0.0908166723144697,0.0,0.11104922807813702
svg/g/g_7/path_60,0.90006,1.0,0.0,0.9099999999999996,0.7,0.8529999999999999,0.0,0.0,1.0,0.4,0.7071067811865476,0.3292547274749722,-0.8318327974276527,-0.5813504823151125,-0.1175872585564215,0.0809894950864115,-0.7065916398713826,-0.018298881735005004,0.12524115755627008,0.0992883768214165,0.0,0.11292576300530587
svg/g/g_7/path_59,0.9000589999999999,1.0,0.0,0.9099999999999996,0.7,0.8529999999999999,0.0,0.0,1.0,0.4,0.7071067811865476,0.3278179458657768,-0.8263665594855305,-0.5765273311897107,-0.2944764486614706,-0.024059640799728787,-0.7014469453376205,-0.15926804473059977,0.12491961414791,0.1352084039308709,0.0,0.11257505787956595
svg/g/g_7/path_58,0.9000579999999999,1.0,0.0,0.9099999999999996,0.7,0.8529999999999999,0.0,0.0,1.0,0.4,0.7071067811865476,0.32638116425658137,-0.7971061093247589,-0.5662379421221865,-0.4564554388342934,-0.055235513385292964,-0.6816720257234726,-0.2558454761097932,0.11543408360128617,0.2006099627245002,0.0,0.1129213557263489
svg/g/g_7/path_57,0.900057,1.0,0.0,0.9099999999999996,0.7,0.8529999999999999,0.0,0.0,1.0,0.4,0.7071067811865476,0.324944382647386,-0.7405144694533762,-0.5479099678456592,-0.5960691291087765,-0.08505591324974572,-0.6442122186495176,-0.34056252117926117,0.09630225080385853,0.2555066079295154,0.0,0.11408227143206308
svg/g/g_7/g_8/path_56,0.900056,1.0,0.0,0.9099999999999996,0.7,0.8529999999999999,0.0,0.0,1.0,0.4,0.7071067811865476,0.38600760103819054,-0.6408360128617363,-0.537620578778135,-0.6333446289393425,-0.11080989495086388,-0.5892282958199357,-0.37207726194510327,0.05160771704180064,0.2612673669942393,0.0,0.11118993944072224
svg/g/g_7/g_8/path_55,0.9000549999999999,1.0,0.0,0.9099999999999996,0.7,0.8529999999999999,0.0,0.0,1.0,0.4,0.7071067811865476,0.32350760103819054,-0.5826366559485531,-0.5257234726688101,-0.6448661470687901,-0.1162317858353099,-0.5541800643086816,-0.38054896645205005,0.02845659163987141,0.2643171806167401,0.0,0.11117330296949862
svg/g/circle_2,0.7500020000000001,1.0,0.0,0.0,0.97,0.41800000000000004,0.0,0.0,0.9,0.46,1.0,0.21774193548387097,-0.5881028938906753,-0.4633440514469453,-0.13114198576753638,0.1318197221280923,-0.5257234726688103,0.0003388681802779489,0.06237942122186497,0.13148085394781434,0.5838258851803452,0.11908953926253375
svg/g/g_5/path_54,0.9000539999999999,1.0,0.0,1.0,0.54,0.976,0.0,0.0,1.0,0.4,0.7071067811865476,0.33467741935483875,-0.5241157556270096,-0.4073954983922829,-0.4598441206370721,-0.046424940698068407,-0.4657556270096463,-0.25313453066757025,0.05836012861736336,0.2067095899695018,0.0,0.10915392283438533
svg/g/g_5/path_53,0.9000530000000001,1.0,0.0,1.0,0.54,0.976,0.0,0.0,1.0,0.4,0.7071067811865476,0.33324063774564333,-0.5115755627009645,-0.31254019292604496,-0.3852931209759404,-0.012538122670281222,-0.41205787781350484,-0.19891562182311076,0.09951768488745977,0.18637749915282958,0.0,0.11165919592808497
svg/g/g_5/path_52,0.9000520000000001,1.0,0.0,1.0,0.54,0.976,0.0,0.0,1.0,0.4,0.7071067811865476,0.3318038561364479,-0.5048231511254019,-0.30739549839228303,-0.09589969501863758,0.240935276177567,-0.4061093247588425,0.0725177905794647,0.09871382636655945,0.1684174855981023,0.0,0.11143251879508803
svg/g/g_5/path_51,0.9000509999999999,1.0,0.0,1.0,0.85,0.7899999999999999,0.0,0.0,0.91,0.454,0.7071067811865476,0.3303670745272525,-0.5755627009646302,-0.4639871382636656,0.051169095221958734,0.4598441206370723,-0.5197749196141479,0.2555066079295155,0.0557877813504823,0.2043375127075568,0.0,0.10861770183244483
svg/g/g_5/path_50,0.9000499999999999,1.0,0.0,1.0,0.54,0.976,0.0,0.0,1.0,0.4,0.7071067811865476,0.3289302929180571,-0.5186495176848875,-0.34051446945337616,0.029481531684175007,0.4408675025415114,-0.42958199356913174,0.2351745171128432,0.08906752411575564,0.2056929854286682,0.0,0.11107930976666607
svg/g/g_5/path_49,0.9000490000000001,1.0,0.0,1.0,0.85,0.7899999999999999,0.0,0.0,0.91,0.454,0.7071067811865476,0.32749351130886173,-0.664951768488746,-0.5331189710610933,0.04168078617417828,0.44764486614706883,-0.5990353697749197,0.24466282616062365,0.06591639871382636,0.2029820399864453,0.0,0.10786731919664105
svg/g/g_5/path_48,0.9000480000000001,1.0,0.0,1.0,0.85,0.7899999999999999,0.0,0.0,0.91,0.454,0.7071067811865476,0.3260567296996663,-0.7163987138263666,-0.5430868167202573,0.026770586241951996,0.3527617756692647,-0.629742765273312,0.18976618095560827,0.08665594855305463,0.16299559471365638,0.0,0.10674030752302707
svg/g/g_5/path_47,0.900047,1.0,0.0,0.9099999999999996,0.7,0.8529999999999999,0.0,0.0,1.0,0.4,0.7071067811865476,0.3246199480904709,-0.7443729903536977,-0.545016077170418,-0.32565232124703475,0.056590986106404756,-0.6446945337620579,-0.1345306675703149,0.09967845659163987,0.19112165367671977,0.0,0.11297068879546848
svg/g/g_5/path_46,0.900046,1.0,0.0,1.0,0.85,0.7899999999999999,0.0,0.0,0.91,0.454,0.7071067811865476,0.3231831664812755,-0.742443729903537,-0.5485530546623794,0.008471704506946605,0.22263639444256197,-0.6454983922829582,0.1155540494747542,0.0969453376205788,0.1070823449678076,0.0,0.10689976197608529
svg/g/g_5/g_6/path_45,0.900045,1.0,0.0,0.9099999999999996,0.7,0.8529999999999999,0.0,0.0,1.0,0.4,0.7071067811865476,0.38424638487208007,-0.6790996784565916,-0.5372990353697749,-0.4246018298881734,-0.038969840731955266,-0.6081993569131832,-0.2317858353100643,0.07090032154340836,0.19281599457810908,0.0,0.10693450094996361
svg/g/g_5/g_6/path_44,0.9000440000000001,1.0,0.0,0.9099999999999996,0.7,0.8529999999999999,0.0,0.0,1.0,0.4,0.7071067811865476,0.32174638487208007,-0.6083601286173633,-0.5257234726688103,-0.4598441206370721,-0.051169095221958734,-0.5670418006430868,-0.2555066079295153,0.04131832797427651,0.20433751270755668,0.0,0.10706944006108493
svg/g/path_43,0.900043,1.0,0.0,1.0,0.85,0.7899999999999999,0.0,0.0,0.91,0.454,0.7071067811865476,0.20161290322580644,0.3446945337620582,0.5215434083601288,0.137919349373094,0.7343273466621482,0.4331189710610936,0.43612334801762126,0.08842443729903537,0.29820399864452707,0.0,0.11540265155815867
svg/g/path_42,0.900042,1.0,0.0,1.0,0.54,0.976,0.0,0.0,1.0,0.4,0.7071067811865476,0.1935483870967742,0.3163987138263665,0.5144694533762058,0.12910877668586926,0.6882412741443579,0.41543408360128653,0.4086750254151136,0.09903536977491956,0.2795662487292443,0.0,0.11504510678964519
svg/g/path_41,0.900041,1.0,0.0,0.9099999999999996,0.7,0.8529999999999999,0.0,0.0,1.0,0.4,0.7071067811865476,0.18548387096774194,0.381993569131833,0.5273311897106109,0.14605218569976286,0.7614368010843778,0.4546623794212218,0.45374449339207057,0.07266881028938896,0.3076923076923075,0.0,0.11490154004133314
svg/g/path_40,0.9000400000000001,1.0,0.0,0.9099999999999996,0.7,0.8529999999999999,0.0,0.0,1.0,0.4,0.7071067811865476,0.1774193548387097,0.2086816720257234,0.4974276527331191,0.07556760420196547,0.5310064384954254,0.35305466237942146,0.30328702134869534,0.14437299035369777,0.22771941714672986,0.0,0.11745463761284267
svg/g/path_39,0.900039,1.0,0.0,1.0,0.54,0.976,0.0,0.0,1.0,0.4,0.7071067811865476,0.16935483870967744,0.2604501607717042,0.5086816720257236,0.10742121314808555,0.6448661470687902,0.3845659163987139,0.3761436801084378,0.12411575562700972,0.26872246696035246,0.0,0.11683819830535766
svg/g/path_38,0.900038,1.0,0.0,1.0,0.85,0.7899999999999999,0.0,0.0,0.91,0.454,0.7071067811865476,0.16129032258064516,0.1881028938906749,0.48649517684887444,0.05523551338529316,0.36699423924093527,0.3372990353697747,0.2111148763131142,0.14919614147909982,0.15587936292782106,0.0,0.11572256649584903
svg/g/path_37,0.900037,1.0,0.0,1.0,0.85,0.7899999999999999,0.0,0.0,0.91,0.454,0.7071067811865476,0.1532258064516129,0.4106109324758842,0.5363344051446944,0.15079634022365299,0.7939681463910541,0.4734726688102894,0.4723822433073535,0.06286173633440509,0.32158590308370055,0.0,0.11566344066320056
svg/g/path_36,0.9000360000000001,1.0,0.0,0.0,0.92,0.448,0.0,0.0,0.98,0.41200000000000003,0.7071067811865476,0.14516129032258063,0.19131832797427653,0.4958199356913185,-0.549983056590986,-0.06065740426973899,0.3435691318327975,-0.30532023043036244,0.15225080385852097,0.24466282616062351,0.0,0.11944236601402716
svg/g/path_35,0.900035,1.0,0.0,1.0,0.85,0.7899999999999999,0.0,0.0,0.91,0.454,0.7071067811865476,0.13709677419354838,0.17845659163987138,0.48231511254019294,0.04168078617417828,0.2639783124364623,0.33038585209003213,0.1528295493053203,0.15192926045016078,0.11114876313114201,0.0,0.1148802594146324
svg/g/path_34,0.900034,1.0,0.0,1.0,0.54,0.976,0.0,0.0,1.0,0.4,0.7071067811865476,0.12903225806451613,0.6157556270096463,0.8848874598070737,-0.5777702473737716,-0.09386648593697047,0.7503215434083599,-0.3358183666553709,0.1345659163987137,0.24195188071840054,0.0,0.11677593434689265
svg/g/path_33,0.900033,1.0,0.0,0.9099999999999996,0.7,0.8529999999999999,0.0,0.0,1.0,0.4,0.7071067811865476,0.12096774193548387,0.6112540192926046,0.8331189710610933,-0.621145374449339,-0.12233141308031163,0.722186495176849,-0.3717383937648254,0.11093247588424437,0.2494069806845137,0.0,0.11447064941005192
svg/g/path_32,0.900032,1.0,0.0,0.9099999999999996,0.7,0.8529999999999999,0.0,0.0,1.0,0.4,0.7071067811865476,0.11290322580645162,0.6331189710610935,0.9392282958199357,-0.2924432395798034,-0.03625889528973225,0.7861736334405145,-0.16435106743476785,0.15305466237942109,0.12809217214503557,0.0,0.11598205516072835
svg/g/path_31,0.900031,1.0,0.0,1.0,0.54,0.976,0.0,0.0,1.0,0.4,0.7071067811865476,0.10483870967741934,0.4565916398713826,0.6141479099678456,0.15757370382921043,0.8224330735343952,0.5353697749196141,0.4900033886818028,0.07877813504823152,0.3324296848525924,0.0,0.12005447142041067
svg/g/path_30,0.90003,1.0,0.0,1.0,0.54,0.976,0.0,0.0,1.0,0.4,0.7071067811865476,0.0967741935483871,0.5578778135048231,0.6244372990353699,-0.8217553371738392,-0.171806167400881,0.5911575562700966,-0.4967807522873601,0.03327974276527339,0.3249745848864792,0.0,0.11611244664819029
svg/g/path_29,0.900029,1.0,0.0,1.0,0.85,0.7899999999999999,0.0,0.0,0.91,0.454,0.7071067811865476,0.08870967741935484,0.6035369774919616,0.8112540192926048,-0.6814639105388003,-0.1318197221280921,0.707395498392283,-0.40664181633344615,0.10385852090032158,0.2748220942053541,0.0,0.11522772632000526
svg/g/path_28,0.9000279999999999,1.0,0.0,0.9099999999999996,0.7,0.8529999999999999,0.0,0.0,1.0,0.4,0.7071067811865476,0.08064516129032259,0.6257234726688103,0.9209003215434083,-0.4429007116231785,-0.0626906133514063,0.7733118971061094,-0.2527956624872923,0.14758842443729897,0.19010504913588613,0.0,0.11671594389644718
svg/g/path_27,0.900027,1.0,0.0,0.0,0.92,0.448,0.0,0.0,0.98,0.41200000000000003,0.7071067811865476,0.07258064516129031,0.5929260450160772,0.7736334405144691,-0.743137919349373,-0.14469671297865125,0.6832797427652733,-0.4439173161640121,0.09035369774919604,0.29922060318536087,0.0,0.11573977767978771
svg/g/g_4/path_26,0.900026,1.0,0.0,1.0,0.85,0.7899999999999999,0.0,0.0,0.91,0.454,0.7071067811865476,0.18951612903225806,0.3581993569131832,0.5363344051446944,-0.7973568281938325,-0.15011860386309708,0.44726688102893897,-0.4737377160284648,0.0890675241157556,0.32361911216536765,0.0,0.11800891680178152
svg/g/g_4/path_25,0.900025,1.0,0.0,0.9099999999999996,0.7,0.8529999999999999,0.0,0.0,1.0,0.4,0.7071067811865476,0.18807934742306265,0.2684887459807074,0.5144694533762058,-0.7051846831582512,-0.1162317858353099,0.39147909967845657,-0.4107082344967807,0.1229903536977492,0.29447644866147066,0.0,0.11815101839115699
svg/g/g_3/path_24,0.9000239999999999,1.0,0.0,0.9099999999999996,0.7,0.8529999999999999,0.0,0.0,1.0,0.4,0.7071067811865476,0.1814516129032258,0.612540192926045,0.8739549839228294,0.09725516773974939,0.5811589291765503,0.7432475884244373,0.3392070484581498,0.13070739549839222,0.24195188071840046,0.0,0.11627214050179538
svg/g/g_3/path_23,0.900023,1.0,0.0,0.0,0.92,0.448,0.0,0.0,0.98,0.41200000000000003,0.7071067811865476,0.1800148312940304,0.6209003215434085,0.9073954983922831,0.07421213148085405,0.4781430023720773,0.764147909967846,0.27617756692646556,0.14324758842443733,0.20196543544561166,0.0,0.11629797076762947
svg/g/g_2/path_22,0.900022,1.0,0.0,1.0,0.85,0.7899999999999999,0.0,0.0,0.91,0.454,0.7071067811865476,0.17338709677419356,0.40192926045016075,0.5363344051446948,-0.6245340562521176,-0.1480853947814298,0.4691318327974276,-0.38630972551677356,0.067202572347267,0.23822433073534388,0.0,0.11072987149148479
svg/g/g_2/path_21,0.900021,1.0,0.0,1.0,0.54,0.976,0.0,0.0,1.0,0.4,0.7071067811865476,0.17195031516499815,0.6154340836012862,0.8565916398713825,-0.4544222297526261,-0.03625889528973225,0.7360128617363343,-0.24534056252117917,0.12057877813504823,0.20908166723144692,0.0,0.11536849840022897
svg/g/g_2/path_20,0.9000199999999999,1.0,0.0,0.9099999999999996,0.7,0.8529999999999999,0.0,0.0,1.0,0.4,0.7071067811865476,0.17051353355580276,0.5929260450160772,0.7733118971061094,-0.5825144018976617,-0.12233141308031163,0.6831189710610934,-0.35242290748898664,0.09019292604501611,0.23009149440867502,0.0,0.11170507398520486
svg/g/g_2/path_19,0.900019,1.0,0.0,0.9099999999999996,0.7,0.8529999999999999,0.0,0.0,1.0,0.4,0.7071067811865476,0.16907675194660737,0.6286173633440515,0.8630225080385852,-0.12978651304642458,0.2815994578109118,0.7458199356913184,0.07590647238224361,0.11720257234726685,0.2056929854286682,0.0,0.11648787678039488
svg/g/g_2/path_18,0.900018,1.0,0.0,1.0,0.54,0.976,0.0,0.0,1.0,0.4,0.7071067811865476,0.16763997033741196,0.2704180064308682,0.4967845659163987,-0.43002372077261936,-0.059979667909183285,0.3836012861736335,-0.2450016943409013,0.11318327974276533,0.18502202643171806,0.0,0.11234958025179259
svg/g/g_2/path_17,0.900017,1.0,0.0,0.9099999999999996,0.7,0.8529999999999999,0.0,0.0,1.0,0.4,0.7071067811865476,0.16620318872821654,0.2511254019292605,0.4819935691318327,-0.22128092172145,0.1521518129447648,0.3665594855305466,-0.0345645543883427,0.1154340836012862,0.18671636733310742,0.0,0.11561266137298715
svg/g/g_2/path_16,0.9000159999999999,1.0,0.0,1.0,0.54,0.976,0.0,0.0,1.0,0.4,0.7071067811865476,0.16476640711902113,0.260128617363344,0.5086816720257236,0.04100304981362257,0.5059301931548628,0.38440514469453396,0.2734666214842428,0.12427652733118973,0.23246357167062018,0.0,0.11674941476058484
svg/g/g_2/path_15,0.9000149999999999,1.0,0.0,1.0,0.54,0.976,0.0,0.0,1.0,0.4,0.7071067811865476,0.16332962550982574,0.33022508038585185,0.5151125401929258,-0.5547272111148761,-0.11487631311419849,0.42266881028938885,-0.3348017621145374,0.09244372990353698,0.21992544900033884,0.0,0.11107632514005371
svg/g/g_2/path_14,0.9000140000000001,1.0,0.0,1.0,0.85,0.7899999999999999,0.0,0.0,0.91,0.454,0.7071067811865476,0.16189284390063036,0.48263665594855315,0.5562700964630225,-0.6448661470687901,-0.1677397492375466,0.5194533762057877,-0.4063029481531683,0.03681672025723469,0.23856319891562178,0.0,0.11002254496435383
svg/g/g_2/path_13,0.900013,1.0,0.0,1.0,0.54,0.976,0.0,0.0,1.0,0.4,0.7071067811865476,0.16045606229143494,0.4778135048231512,0.6009646302250807,0.15825144018976633,0.6448661470687902,0.5393890675241158,0.40155879362927815,0.06157556270096474,0.24330735343951196,0.0,0.11300651354034633
svg/g/g_2/path_12,0.9000119999999999,1.0,0.0,1.0,0.54,0.976,0.0,0.0,1.0,0.4,0.7071067811865476,0.15901928068223953,0.5578778135048231,0.687138263665595,-0.6448661470687901,-0.15689596746865472,0.6225080385852091,-0.4008810572687225,0.06463022508038592,0.2439850898000677,0.0,0.11324217188937138
svg/g/g_2/path_11,0.9000109999999999,1.0,0.0,1.0,0.85,0.7899999999999999,0.0,0.0,0.91,0.454,0.7071067811865476,0.15758249907304414,0.6131832797427651,0.8318327974276525,0.07488986784140976,0.455099966113182,0.7225080385852087,0.264994916977296,0.10932475884244373,0.19010504913588613,0.0,0.1116786704932655
svg/g/g_2/path_10,0.9000100000000001,1.0,0.0,1.0,0.54,0.976,0.0,0.0,1.0,0.4,0.7071067811865476,0.15614571746384873,0.41961414790996787,0.5360128617363346,0.14672992206031857,0.6225008471704508,0.4778135048231512,0.3846153846153846,0.058199356913183356,0.23788546255506612,0.0,0.10960452131163159
svg/g/g_2/path_9,0.9000090000000001,1.0,0.0,0.9099999999999996,0.7,0.8529999999999999,0.0,0.0,1.0,0.4,0.7071067811865476,0.15470893585465334,0.36848874598070747,0.5212218649517686,0.12978651304642497,0.5750593019315487,0.444855305466238,0.35242290748898675,0.07636655948553055,0.2226363944425619,0.0,0.10947768114751448
svg/g/g_2/path_8,0.900008,1.0,0.0,0.9099999999999996,0.7,0.8529999999999999,0.0,0.0,1.0,0.4,0.7071067811865476,0.15327215424545793,0.5694533762057878,0.7729903536977492,0.11826499491697741,0.6380887834632328,0.6712218649517685,0.3781768891901051,0.10176848874598064,0.2599118942731278,0.0,0.11636874998641195
svg/g/g_1/path_7,0.900007,1.0,0.0,1.0,0.54,0.976,0.0,0.0,1.0,0.4,0.7071067811865476,0.16532258064516128,0.5578778135048231,0.7109324758842445,-0.4598441206370721,-0.11962046763808862,0.6344051446945336,-0.2897322941375803,0.07652733118971065,0.1701118264994917,0.0,0.10871094753483226
svg/g/g_1/path_6,0.9000060000000001,1.0,0.0,0.0,0.92,0.448,0.0,0.0,0.98,0.41200000000000003,0.7071067811865476,0.1638857990359659,0.612540192926045,0.7755627009646304,-0.32429684852592333,0.32361911216536765,0.6940514469453377,-0.0003388681802777563,0.08151125401929268,0.3239579803456456,0.0,0.11812698206098088
svg/g/g_1/path_5,0.900005,1.0,0.0,1.0,0.85,0.7899999999999999,0.0,0.0,0.91,0.454,0.7071067811865476,0.16244901742677048,0.3389067524115753,0.5077170418006427,-0.15757370382921024,0.36225008471704534,0.42331189710610906,0.10233819044391747,0.08440514469453367,0.2599118942731278,0.0,0.11486478611929754
svg/g/g_1/path_4,0.900004,1.0,0.0,0.9099999999999996,0.7,0.8529999999999999,0.0,0.0,1.0,0.4,0.7071067811865476,0.16101223581757507,0.42315112540192934,0.7109324758842445,0.1169095221958658,0.460521856997628,0.5670418006430868,0.288715689596747,0.14389067524115756,0.171806167400881,0.0,0.11687313504000281
svg/g/g_1/path_3,0.900003,1.0,0.0,0.9099999999999996,0.7,0.8529999999999999,0.0,0.0,1.0,0.4,0.7071067811865476,0.15957545420837968,0.3524115755627007,0.5562700964630222,-0.4598441206370721,-0.061335140630294695,0.4543408360128614,-0.2605896306336834,0.10192926045016074,0.1992544900033887,0.0,0.11478982239588295
svg/g/circle_1,0.750001,1.0,0.0,0.0,1.0,0.4,0.0,0.0,0.99,0.406,0.7071067811865476,0.03225806451612903,0.4228295819935691,0.6916398713826364,-0.2829549305320229,0.28363266689257893,0.5572347266881027,0.0003388681802779489,0.1344051446945337,0.2832937987123009,0.710438955348649,0.12091850795959887
svg/g/path_2,0.9000020000000001,1.0,0.0,0.8999999999999999,0.9,0.7299999999999999,0.0,0.0,0.91,0.454,0.8660254037844386,0.02419354838709678,-0.6588424437299035,-0.4887459807073955,0.004405286343612566,0.28363266689257893,-0.5737942122186495,0.14401897661809554,0.08504823151125403,0.13961369027448317,0.0,0.11872394683621484
svg/g/path_1,0.900001,1.0,0.0,0.9499999999999996,0.73,0.8469999999999999,0.0,0.0,0.97,0.41800000000000004,0.8660254037844386,0.01612903225806453,-0.660128617363344,-0.5263665594855305,-0.2829549305320229,0.03287021348695373,-0.5932475884244373,-0.12504235852253465,0.06688102893890675,0.15791257200948838,0.0,0.1187689359828545
svg/g/path,0.9,1.0,0.0,1.0,0.49,0.994,0.0,0.0,0.96,0.42400000000000004,0.8660254037844386,0.008064516129032251,-0.52508038585209,-0.3913183279742765,-0.2829549305320229,0.27211114876313114,-0.45819935691318325,-0.005421890884445835,0.0668810289389068,0.27753303964757703,0.0,0.12598596066798384
svg/g/circle,0.75,1.0,0.0,0.0,0.97,0.41800000000000004,0.0,0.0,0.9,0.46,1.0,0.0,-0.5890675241157557,-0.46430868167202577,-0.13114198576753638,0.1318197221280923,-0.5266881028938907,0.0003388681802779489,0.06237942122186497,0.13148085394781434,0.5838258851803452,0.11908953926253375
